268 1176
427 1134
175 1134
395 1123
298 1120
69 1103
226 1097
473 1086
98 1074
384 1069
420 1051
286 1052
143 1034
346 1030
214 1000
88 996
425 978
334 964
120 969
490 941
281 946
123 914
390 909
181 910
245 891
79 872
433 862
352 870
165 848
513 832
262 822
499 805
413 792
175 801
317 792
91 766
253 741
452 737
294 724
214 713
511 703
377 700
172 694
210 663
256 660
342 659
102 648
251 627
200 623
376 613
173 598
108 594
438 592
321 582
526 566
56 555
231 553
340 531
398 532
317 522
103 522
221 512
545 498
384 479
132 477
438 471
47 467
494 448
260 450
142 435
379 418
50 410
493 407
278 393
226 377
89 369
135 365
273 363
313 360
401 367
454 353
230 345
109 321
252 314
457 304
542 295
209 293
278 281
366 265
174 243
302 230
455 227
228 210
436 208
57 202
531 189
325 192
163 193
135 189
324 159
210 151
424 148
368 120
144 116
503 111
430 93
152 87
289 98
471 80
230 67
329 53
69 48
183 41
496 35
