268 1176 3
427 1134 2
175 1134 2
395 1123 3
298 1120 3
69 1103 2
226 1097 3
473 1086 4
98 1074 4
384 1069 3
420 1051 3
286 1052 1
143 1034 1
346 1030 2
214 1000 4
88 996 2
425 978 2
334 964 1
120 969 1
490 941 1
281 946 1
123 914 1
390 909 3
181 910 1
245 891 1
79 872 2
433 862 4
352 870 2
165 848 3
513 832 3
262 822 2
499 805 3
413 792 3
175 801 1
317 792 1
91 766 2
253 741 1
452 737 3
294 724 4
214 713 4
511 703 3
377 700 3
172 694 1
210 663 4
256 660 3
342 659 1
102 648 4
251 627 3
200 623 3
376 613 3
173 598 3
108 594 4
438 592 1
321 582 3
526 566 1
56 555 3
231 553 4
340 531 2
398 532 1
317 522 1
103 522 4
221 512 1
545 498 1
384 479 1
132 477 1
438 471 1
47 467 4
494 448 1
260 450 4
142 435 2 
379 418 2
50 410 1
493 407 2
278 393 3
226 377 4
89 369 2
135 365 3
273 363 3
313 360 4
401 367 1
454 353 2
230 345 3
109 321 3
252 314 3
457 304 1
542 295 2
209 293 2
278 281 4
366 265 1
174 243 3
302 230 2
455 227 3
228 210 1
436 208 4
57 202 3
531 189 4
325 192 2
163 193 3
135 189 3
324 159 4
210 151 3
424 148 3
368 120 4
144 116 3
503 111 4
430 93 3
152 87 3
289 98 4
471 80 4
230 67 4
329 53 4
69 48 3
183 41 1
496 35 4
